11:59:27.109 [main] INFO  com.kronos.Kronos - Dubugger created
11:59:27.140 [main] INFO  com.kronos.Kronos - Path Already Exists: /kronos/out Skipping
11:59:27.141 [main] DEBUG com.kronos.Kronos - Starting OPENGL
11:59:27.228 [main] DEBUG com.kronos.Kronos - GL Version: 3.4.0 Win32 WGL Null EGL OSMesa VisualC DLL 
11:59:27.228 [main] DEBUG com.kronos.Kronos - GL Started
11:59:27.245 [main] INFO  com.kronos.Kronos - Set Current ScreenConfig to {Width=[770], Height=[770], Title=[KronosTesting], ClearColor=[Color [r=1.0, g=1.0, b=1.0, a=1.0]], UpdateTime=[60], Hints=[{131075=1, 131076=0}]}
11:59:27.717 [main] INFO  com.kronos.Kronos - Frame Buffer Status Status: 36053 
11:59:27.719 [main] INFO  com.kronos.Kronos - Frame Buffer Status Status: 36053 
11:59:27.758 [main] DEBUG com.kronos.Kronos - Verts: [8.0, 8.0, 1.0, 0.0, 1.0, 0.0, 0.0, 1.0, 0.0, 8.0, 8.0, 8.0, 0.0, 1.0, 0.0, 0.0, 1.0, 0.0, 1.0, 8.0, 8.0, 0.0, 1.0, 0.0, 0.0, 1.0, 0.0, 1.0, 8.0, 1.0, 0.0, 1.0, 0.0, 0.0, 1.0, 0.0, 8.0, 1.0, 1.0, 0.0, 1.0, 0.0, 0.0, -1.0, 0.0, 8.0, 1.0, 8.0, 0.0, 1.0, 0.0, 0.0, -1.0, 0.0, 1.0, 1.0, 8.0, 0.0, 1.0, 0.0, 0.0, -1.0, 0.0, 1.0, 1.0, 1.0, 0.0, 1.0, 0.0, 0.0, -1.0, 0.0, 8.0, 8.0, 8.0, 0.0, 1.0, 0.0, 1.0, 0.0, 0.0, 8.0, 1.0, 8.0, 0.0, 1.0, 0.0, 1.0, 0.0, 0.0, 8.0, 1.0, 1.0, 0.0, 1.0, 0.0, 1.0, 0.0, 0.0, 8.0, 8.0, 1.0, 0.0, 1.0, 0.0, 1.0, 0.0, 0.0, 1.0, 8.0, 8.0, 0.0, 1.0, 0.0, -1.0, 0.0, 0.0, 1.0, 1.0, 8.0, 0.0, 1.0, 0.0, -1.0, 0.0, 0.0, 1.0, 1.0, 1.0, 0.0, 1.0, 0.0, -1.0, 0.0, 0.0, 1.0, 8.0, 1.0, 0.0, 1.0, 0.0, -1.0, 0.0, 0.0, 8.0, 8.0, 8.0, 0.0, 1.0, 0.0, 0.0, 0.0, 1.0, 8.0, 1.0, 8.0, 0.0, 1.0, 0.0, 0.0, 0.0, 1.0, 1.0, 1.0, 8.0, 0.0, 1.0, 0.0, 0.0, 0.0, 1.0, 1.0, 8.0, 8.0, 0.0, 1.0, 0.0, 0.0, 0.0, 1.0, 8.0, 8.0, 1.0, 0.0, 1.0, 0.0, 0.0, 0.0, -1.0, 8.0, 1.0, 1.0, 0.0, 1.0, 0.0, 0.0, 0.0, -1.0, 1.0, 1.0, 1.0, 0.0, 1.0, 0.0, 0.0, 0.0, -1.0, 1.0, 8.0, 1.0, 0.0, 1.0, 0.0, 0.0, 0.0, -1.0] indices: [0, 1, 2, 2, 3, 0, 4, 5, 6, 6, 7, 4, 8, 9, 10, 10, 11, 8, 12, 13, 14, 14, 15, 12, 16, 17, 18, 18, 19, 16, 20, 21, 22, 22, 23, 20]
11:59:27.778 [main] DEBUG com.kronos.Kronos - Verts: [15.0, 8.0, 1.0, 0.4, 0.2, 0.8, 0.0, 1.0, 0.0, 15.0, 8.0, 8.0, 0.4, 0.2, 0.8, 0.0, 1.0, 0.0, 8.0, 8.0, 8.0, 0.4, 0.2, 0.8, 0.0, 1.0, 0.0, 8.0, 8.0, 1.0, 0.4, 0.2, 0.8, 0.0, 1.0, 0.0, 15.0, 1.0, 1.0, 0.4, 0.2, 0.8, 0.0, -1.0, 0.0, 15.0, 1.0, 8.0, 0.4, 0.2, 0.8, 0.0, -1.0, 0.0, 8.0, 1.0, 8.0, 0.4, 0.2, 0.8, 0.0, -1.0, 0.0, 8.0, 1.0, 1.0, 0.4, 0.2, 0.8, 0.0, -1.0, 0.0, 15.0, 8.0, 8.0, 0.4, 0.2, 0.8, 1.0, 0.0, 0.0, 15.0, 1.0, 8.0, 0.4, 0.2, 0.8, 1.0, 0.0, 0.0, 15.0, 1.0, 1.0, 0.4, 0.2, 0.8, 1.0, 0.0, 0.0, 15.0, 8.0, 1.0, 0.4, 0.2, 0.8, 1.0, 0.0, 0.0, 8.0, 8.0, 8.0, 0.4, 0.2, 0.8, -1.0, 0.0, 0.0, 8.0, 1.0, 8.0, 0.4, 0.2, 0.8, -1.0, 0.0, 0.0, 8.0, 1.0, 1.0, 0.4, 0.2, 0.8, -1.0, 0.0, 0.0, 8.0, 8.0, 1.0, 0.4, 0.2, 0.8, -1.0, 0.0, 0.0, 15.0, 8.0, 8.0, 0.4, 0.2, 0.8, 0.0, 0.0, 1.0, 15.0, 1.0, 8.0, 0.4, 0.2, 0.8, 0.0, 0.0, 1.0, 8.0, 1.0, 8.0, 0.4, 0.2, 0.8, 0.0, 0.0, 1.0, 8.0, 8.0, 8.0, 0.4, 0.2, 0.8, 0.0, 0.0, 1.0, 15.0, 8.0, 1.0, 0.4, 0.2, 0.8, 0.0, 0.0, -1.0, 15.0, 1.0, 1.0, 0.4, 0.2, 0.8, 0.0, 0.0, -1.0, 8.0, 1.0, 1.0, 0.4, 0.2, 0.8, 0.0, 0.0, -1.0, 8.0, 8.0, 1.0, 0.4, 0.2, 0.8, 0.0, 0.0, -1.0] indices: [0, 1, 2, 2, 3, 0, 4, 5, 6, 6, 7, 4, 8, 9, 10, 10, 11, 8, 12, 13, 14, 14, 15, 12, 16, 17, 18, 18, 19, 16, 20, 21, 22, 22, 23, 20]
11:59:27.785 [main] DEBUG com.kronos.Kronos - Color Color [r=1.0, g=1.0, b=1.0, a=1.0] 
