18:37:21.406 [main] INFO  com.kronos.Kronos - Dubugger created
18:37:21.430 [main] INFO  com.kronos.Kronos - Path Already Exists: /kronos/out Skipping
18:37:21.430 [main] ERROR com.kronos.Kronos - File Path kronos/out/configs/main\kronos_config.json is null using resource identifier kronos-out 
18:37:21.431 [main] FATAL com.kronos.Kronos - ERROR kronos\out\configs\main\kronos_config.json (The system cannot find the file specified) 
18:37:21.434 [main] DEBUG com.kronos.Kronos - Starting OPENGL
18:37:21.483 [main] DEBUG com.kronos.Kronos - GL Version: 3.4.0 Win32 WGL Null EGL OSMesa VisualC DLL 
18:37:21.483 [main] DEBUG com.kronos.Kronos - GL Started
18:37:21.486 [main] INFO  com.kronos.Kronos - Set Current ScreenConfig to {Width=[770], Height=[770], Title=[KronosTesting], ClearColor=[Color [r=1.0, g=1.0, b=1.0, a=1.0]], UpdateTime=[60], Hints=[{131076=0, 131075=1}]}
18:37:21.654 [main] INFO  com.kronos.Kronos - Frame Buffer Status Status: 36053 
18:37:21.654 [main] INFO  com.kronos.Kronos - Frame Buffer Status Status: 36053 
18:37:21.682 [main] DEBUG com.kronos.Kronos - Verts: [8.0, 8.0, 1.0, 0.0, 1.0, 0.0, 0.0, 1.0, 0.0, 8.0, 8.0, 8.0, 0.0, 1.0, 0.0, 0.0, 1.0, 0.0, 1.0, 8.0, 8.0, 0.0, 1.0, 0.0, 0.0, 1.0, 0.0, 1.0, 8.0, 1.0, 0.0, 1.0, 0.0, 0.0, 1.0, 0.0, 8.0, 1.0, 1.0, 0.0, 1.0, 0.0, 0.0, -1.0, 0.0, 8.0, 1.0, 8.0, 0.0, 1.0, 0.0, 0.0, -1.0, 0.0, 1.0, 1.0, 8.0, 0.0, 1.0, 0.0, 0.0, -1.0, 0.0, 1.0, 1.0, 1.0, 0.0, 1.0, 0.0, 0.0, -1.0, 0.0, 8.0, 8.0, 8.0, 0.0, 1.0, 0.0, 1.0, 0.0, 0.0, 8.0, 1.0, 8.0, 0.0, 1.0, 0.0, 1.0, 0.0, 0.0, 8.0, 1.0, 1.0, 0.0, 1.0, 0.0, 1.0, 0.0, 0.0, 8.0, 8.0, 1.0, 0.0, 1.0, 0.0, 1.0, 0.0, 0.0, 1.0, 8.0, 8.0, 0.0, 1.0, 0.0, -1.0, 0.0, 0.0, 1.0, 1.0, 8.0, 0.0, 1.0, 0.0, -1.0, 0.0, 0.0, 1.0, 1.0, 1.0, 0.0, 1.0, 0.0, -1.0, 0.0, 0.0, 1.0, 8.0, 1.0, 0.0, 1.0, 0.0, -1.0, 0.0, 0.0, 8.0, 8.0, 8.0, 0.0, 1.0, 0.0, 0.0, 0.0, 1.0, 8.0, 1.0, 8.0, 0.0, 1.0, 0.0, 0.0, 0.0, 1.0, 1.0, 1.0, 8.0, 0.0, 1.0, 0.0, 0.0, 0.0, 1.0, 1.0, 8.0, 8.0, 0.0, 1.0, 0.0, 0.0, 0.0, 1.0, 8.0, 8.0, 1.0, 0.0, 1.0, 0.0, 0.0, 0.0, -1.0, 8.0, 1.0, 1.0, 0.0, 1.0, 0.0, 0.0, 0.0, -1.0, 1.0, 1.0, 1.0, 0.0, 1.0, 0.0, 0.0, 0.0, -1.0, 1.0, 8.0, 1.0, 0.0, 1.0, 0.0, 0.0, 0.0, -1.0] indices: [0, 1, 2, 2, 3, 0, 4, 5, 6, 6, 7, 4, 8, 9, 10, 10, 11, 8, 12, 13, 14, 14, 15, 12, 16, 17, 18, 18, 19, 16, 20, 21, 22, 22, 23, 20]
18:37:21.709 [main] DEBUG com.kronos.Kronos - Verts: [15.0, 8.0, 1.0, 0.4, 0.2, 0.8, 0.0, 1.0, 0.0, 15.0, 8.0, 8.0, 0.4, 0.2, 0.8, 0.0, 1.0, 0.0, 8.0, 8.0, 8.0, 0.4, 0.2, 0.8, 0.0, 1.0, 0.0, 8.0, 8.0, 1.0, 0.4, 0.2, 0.8, 0.0, 1.0, 0.0, 15.0, 1.0, 1.0, 0.4, 0.2, 0.8, 0.0, -1.0, 0.0, 15.0, 1.0, 8.0, 0.4, 0.2, 0.8, 0.0, -1.0, 0.0, 8.0, 1.0, 8.0, 0.4, 0.2, 0.8, 0.0, -1.0, 0.0, 8.0, 1.0, 1.0, 0.4, 0.2, 0.8, 0.0, -1.0, 0.0, 15.0, 8.0, 8.0, 0.4, 0.2, 0.8, 1.0, 0.0, 0.0, 15.0, 1.0, 8.0, 0.4, 0.2, 0.8, 1.0, 0.0, 0.0, 15.0, 1.0, 1.0, 0.4, 0.2, 0.8, 1.0, 0.0, 0.0, 15.0, 8.0, 1.0, 0.4, 0.2, 0.8, 1.0, 0.0, 0.0, 8.0, 8.0, 8.0, 0.4, 0.2, 0.8, -1.0, 0.0, 0.0, 8.0, 1.0, 8.0, 0.4, 0.2, 0.8, -1.0, 0.0, 0.0, 8.0, 1.0, 1.0, 0.4, 0.2, 0.8, -1.0, 0.0, 0.0, 8.0, 8.0, 1.0, 0.4, 0.2, 0.8, -1.0, 0.0, 0.0, 15.0, 8.0, 8.0, 0.4, 0.2, 0.8, 0.0, 0.0, 1.0, 15.0, 1.0, 8.0, 0.4, 0.2, 0.8, 0.0, 0.0, 1.0, 8.0, 1.0, 8.0, 0.4, 0.2, 0.8, 0.0, 0.0, 1.0, 8.0, 8.0, 8.0, 0.4, 0.2, 0.8, 0.0, 0.0, 1.0, 15.0, 8.0, 1.0, 0.4, 0.2, 0.8, 0.0, 0.0, -1.0, 15.0, 1.0, 1.0, 0.4, 0.2, 0.8, 0.0, 0.0, -1.0, 8.0, 1.0, 1.0, 0.4, 0.2, 0.8, 0.0, 0.0, -1.0, 8.0, 8.0, 1.0, 0.4, 0.2, 0.8, 0.0, 0.0, -1.0] indices: [0, 1, 2, 2, 3, 0, 4, 5, 6, 6, 7, 4, 8, 9, 10, 10, 11, 8, 12, 13, 14, 14, 15, 12, 16, 17, 18, 18, 19, 16, 20, 21, 22, 22, 23, 20]
18:37:21.718 [main] DEBUG com.kronos.Kronos - Color Color [r=1.0, g=1.0, b=1.0, a=1.0] 
